21329.9
45373.3
71085.9
100280.1
24086.4
50813
79146.3
110863.1
26295
55489.8
86747.1
121717.4
29825.5
62362.8
97654.7
137422
34544.6
73245.4
115100.4
161840.2
40453.3
85246.4
133294.1
187318.9
47078.9
99752.2
155816.8
219438.5
57159.3
121940.9
191423.1
270092.3
69373.6
148085.5
230545.6
319244.6
73979.2
157845
247691.9
348517.7
87501.3
186848.7
292812.4
412119.3
104469.9
223365.8
349928
487940.2
117357.6
248678.3
386767.9
538580
129449.6
272968.2
425190.9
592963.2
140759.8
297249.5
462734.2
643563.1
151137.9
319687.6
496285.3
688858.2
162410
343818.2
534828.9
746395.1
181867.7
383818
596607.3
832035.9
202035.7
425997.9
660472.2
919281.1
217168.3
458670.9
709717.2
986515.2
205727
454712.1
719688.4
1015986.2