102
102.4
102
102.4
102.6
103
103.6
103.8
104.5
105.2
106.2
107.9
114.3
118.5
126
120.9
124.1
127.5
132.6
139
141.1
141.1
132.7
126.9
122.7
118.8
113.9
108.7
105.5
100.2
94
88.6
88.2
89.1
94.7
98.2
105
106.9
105.5
108.4
108.7
109.8
111
111.2
110.8
111.5
115.4
115.3
112.3
111.3
111.1
110.7
110.2
109.7
109.9
110.8
110.3
110.4
109
107.5
106
105
103.8
103.4
101.4
100
96.8
93.3
90.4
88.3
88
88.7
88.9
89.1
89.2
87.8
86.6
85.8
86.3
87.6
89.9
91.5
91.3
90.9
90.6
89.8
88.4
87.5
88.3
89.2
90
90.4
89.4
88.6
88.4
87.8
87
86.9
87
87
86
84.6
84.9
84.4
84.6
84.2
83.2
82.8
82.2
82.4
83.4
85.5
89.8
93.1
94.7
97.7
104.1
115.4
128.6
134
138.4
139.6
139.6
140.4
137.2
133.2
132.3
132.1
128.6
119.7
108.6
104.7
103.8
104.9
105.8
104.4
103.8
106.3
107
105.7
103.6
102.4
103.8
104
103.2
101.9
101.4
101.9
103.8
103.4
101.2
100.9
100.2
99
97.2
96.4
95.9
96
96.4
94.6
91.2
90.7
92.6
92
92.5
94.5
97.1
101.3
109.1
110.9
106.9
113.3
129.7
137.4
145.7
157.1
174.9
203.7
188.8
166.8
151.3
