9.66
9.46
9.31
9.36
9.33
9.19
9.17
9.28
9.2
9.44
9.4
9.22
9.64
9.58
9.59
9.74
10.14
10.53
10.49
10.45
10.48
10.37
10.31
10.2
10.24
10.77
10.31
10.33
10.37
10.62
10.57
10.66
10.63
10.52
10.48
10.48
10.95
10.6
10.53
10.55
10.51
10.54
10.66
10.67
10.78
10.7
10.65
10.8
10.85
11.01
10.71
10.74
11
11.16
11.33
11.55
11.32
11.31
11.38
11.35
11.81
12.22
12.36
12.51
12.63
12.71
12.82
12.88
12.93
12.81
12.76
12.79
12.99
12.93
13
13.02
13.15
13.27
13.24
13.33
13.24
13.2
13.33
13.62
14.2
15.08
14.87
14.71
14.87
15.28
15.49
15.55
15.76
15.85
15.99
16.29
17
17.39
17.4
17.46
17.66
18.08
18.6
18.59
18.71
18.75
18.98
19.4
20.39
20.11
20.1
20.1
20.91
20.75
20.78
20.62
20.75
20.65
20.64
20.92
21.71
21.87
21.64
21.75
21.66
21.91
21.97
22.07
22.19
22.42
22.42
22.57
23.27
23.03
22.96
23.03
23.12
23.13
23.28
23.34
23.34
23.22
23.24
23.34
23.6
23.97
23.62
23.5
23.58
23.7
23.67
23.61
23.53
23.42
23.55
23.72
24.28
24.36
24.2
24.21
24.32
24.42
24.48
24.64
24.77
24.72
24.84
25.12
26.53
26.29
26.17
26.29
26.5
26.52
26.7
26.54
26.52
26.34
26.27
26.49
26.66
27.42
27
26.9
27.07
27.21
27.48
27.53
27.71
27.65
27.8
27.73
28.22
27.95
27.84
28.02
28.27
28.27
28.54
28.55
28.79
29.07
29.29
29.13
30.45
30.74
29.99
30.22
30.57
30.62
30.78
30.94
30.98
30.99
30.96
30.95
31.86
31.67
31.83
31.38
31.55
31.9
31.93
31.79
32.13
32.04
31.88
31.69
32.78
