2285
1485
1288
1645
1243
1369
1468
1389
2119
2297
2350
3998
3951
2294
1639
1798
1581
1899
1969
1420
1921
2202
2934
6054
5826
3554
1986
2520
2201
2667
2772
2024
2480
2556
4679
9633
10347
5751
2592
2421
1677
1681
2450
2410
3103
3167
6421
13379
14102
6608
2965
3611
3116
4110
5351
3407
4402
4028
7129
14568
14678
9624
4343
4626
3807
4110
5467
3604
4898
4785
6420
11999
13828
8750
3944
4534
3547
4715
5421
3507
4611
5154
6597
10701
11149
8147
4350
4892
4324
5344
5680
5206
6181
6201
6467
11102
12549
9129
5120
5474
5092
4893
5312
4688
5142
6146
6938
11084
13046
8069
4755
5677
5410
5531
5890
4861
6033
7144
7341
11141
12369
9899
5471
5653
6022
6422
6390
5273
6839
7220
7588
11312
13221
9721
5837
7594
6676
6500
6218
5246
6526
7281
7802
12479
15689
8858
5545
6583
6288
6449
6421
5194
6433
7259
