93.8
93.3
94.2
94.6
98.7
94.4
95
97.4
97.7
97.4
98.1
99
99.7
99.8
100
100.8
101
100.6
100.5
100.7
100.9
101.1
101.2
100.4
99.7
99.5
99.8
99.3
99.4
99.5
99.5
99.5
100
99.6
99.5
100.1
100.1
100.2
100.3
100.7
100.5
100.4
100.5
100.4
100.4
101.4
103.8
104.5
104.8
105
106.5
107.7
107.9
107.6
107.6
107.6
107.8
106.9
104.8
103.5
102.9
102.9
102
101
100.7
100.5
100.5
100.3
100
100.1
100.4
100.7
99.4
98.9
99.1
99
99
99.5
99.9
100.6
101.1
101.5
102.6
104.1
105
105.2
105.5
105.8
106.9
107.1
108.2
109
108.8
109.2
110
109.8
111.8
112.5
114
113.4
112.4
111.2
110.7
108.9
108.2
106.6
103.9
102
100.2
99.5
97.7
97.1
96.9
96.5
96.3
97.1
97.4
98.4
100.6
102.6
102.3
102
102.4
102.6
103.2
103.2
103.4
103.9
104.8
105.3
106.4
106.1
106.9
107.6
108.3
108.7
108.5
108.8
109
108.8
108.7
107.7
105.5
104.4
103.6
102.9
102.8
102.8
102.6
102.3
101.8
101.5
101.5
101.4
101.5
102.1
102.5
102.6
102.2
101.4
101
100.8
100.7
100.6
100.4
100.6
100.9
100.7
100
99.8
99.7
99.9
100.3
100.6
100.7
100.5
100.2
99.9
99.6
99.4
99.4
99.4
99.5
99.6
99.6
99.4
99.5
99.4
99.2
99
98.9
99.1
99.4
99.6
99.8
99.8
99.8
100
99.8
99.8
100
100.3
100.8
101.3
101.5
101.2
100.9
100.7
100.4
100
100.1
100.4
100.5
100.5
100.2
99.9
99.7
99.9
100
100.2
100.5
100.8
100.8
100.7
101
101.1
101.2
101.1
100.9
100.8
101
101.5
101.8
101.9
101.8
102.4
103.1
104.2
105.2
104.8
104.9
105
104.6
104
103.2
103.4
104
103.5
102.5
101.3
100.7
101.6
102.5
102.8
103.2
102.9
103.2
102.6
102.2
101.9
101.7
101.9
102.3
102
101
