1.55 
1.51 
1.59 
1.59 
1.55 
1.50 
1.57 
1.51 
1.55 
1.57 
1.56 
1.53 
1.58 
1.55 
1.55 
1.56 
1.58 
1.62 
1.57 
1.57 
1.58 
1.57 
1.60 
NA
1.55 
1.54 
1.61 
1.67 
1.68 
1.73 
1.70 
1.71 
1.70 
1.70 
1.69 
1.66 
1.63 
1.62 
1.59 
1.56 
1.57 
1.56 
1.60 
1.63 
1.69 
1.72 
1.75 
1.73 
NA
1.77 
1.79 
1.75 
1.80 
1.77 
1.75 
1.76 
1.76 
1.74 
1.77 
1.77 
1.79 
1.85 
1.86 
1.84 
1.83 
1.81 
1.82 
1.79 
1.83 
1.88 
2.07 
2.15 
NA
2.23 
2.23 
2.22 
2.29 
2.34 
2.33 
2.31 
2.36 
NA
2.36 
2.32 
2.30 
2.37 
2.45 
2.40 
2.39 
2.39 
2.34 
2.40 
2.47 
2.49 
2.48 
2.54 
2.60 
2.60 
2.54 
2.57 
2.55 
2.55 
2.55 
NA
2.57 
2.51 
2.49 
2.45 
NA
2.45 
2.46 
2.37 
2.42 
2.38 
2.38 
2.38 
2.36 
2.40 
NA
2.33 
2.42 
2.47 
2.48 
2.41 
2.47 
2.53 
2.51 
2.49 
2.49 
2.45 
2.48 
2.48 
2.49 
2.42 
2.40 
2.34 
2.40 
2.41 
2.43 
2.47 
2.51 
2.45 
2.42 
NA
2.43 
2.42 
2.38 
2.31 
2.36 
2.36 
2.46 
2.49 
2.49 
2.49 
2.52 
2.57 
2.60 
2.58 
2.62 
2.60 
2.51 
2.53 
2.50 
2.47 
2.43 
2.40 
2.41 
2.40 
2.38 
2.42 
2.39 
2.42 
2.40 
2.35 
2.36 
2.34 
2.34 
2.38 
2.37 
2.32 
2.28 
2.24 
NA
2.26 
2.18 
2.21 
2.24 
2.24 
2.28 
2.35 
2.32 
2.30 
2.29 
2.33 
2.29 
2.33 
2.36 
2.36 
2.39 
2.42 
2.41 
2.39 
2.33 
2.34 
2.33 
2.22 
2.23 
2.23 
2.25 
2.29 
2.26 
2.25 
2.25 
NA
2.21 
2.21 
2.21 
2.15 
2.18 
2.14 
2.18 
2.19 
2.21 
2.21 
2.21 
2.15 
2.16 
2.16 
2.19 
2.16 
2.16 
2.15 
2.15 
2.14 
2.21 
2.22 
2.27 
2.31 
2.35 
NA
2.33 
2.37 
2.39 
2.38 
2.37 
2.33 
2.35 
2.33 
2.31 
2.27 
2.27 
2.27 
2.24 
2.26 
2.33 
2.29 
2.32 
2.30 
2.30 
2.26 
2.27 
2.24 
2.27 
2.26 
2.29 
2.24 
2.20 
2.19 
2.22 
2.27 
2.23 
2.19 
2.19 
2.18 
2.22 
2.17 
2.19 
2.17 
2.16 
2.13 
2.15 
2.12 
2.16 
NA
2.07 
2.10 
2.05 
2.06 
2.14 
2.17 
2.20 
2.20 
2.20 
2.23 
2.24 
2.28 
2.27 
2.26 
2.22 
2.24 
2.31 
2.31 
2.33 
2.34 
2.33 
2.33 
