77.905781
79.10725
80.561659
83.84989
85.936652
87.833709
89.541059
91.501351
93.208702
94.346936
95.358699
96.496933
98.7734
101.492514
103.832217
106.29839
108.954269
111.610148
115.783672
119.64102
123.349892
128.255174
132.921173
138.42466
144.526352
150.986967
155.772608
160.079685
164.267121
172.163428
178.26512
184.606094
188.298216
193.28258
198.082339
203.251309
207.866462
217.281373
228.173132
236.849619
246.079923
256.233258
265.463563
275.06308
283.590036
294.867622
306.420271
318.247984
328.425318
344.929102
357.306941
366.934149
369.959843
373.535663
376.561357
380.137177
382.798137
391.161155
402.945407
415.870071
434.116656
456.164612
468.709139
479.35298
490.376958
503.681759
520.407795
566.78453
580.089332
599.09619
608.59962
621.144147
632.168125
637.109908
642.811966
650.414709
657.569271
665.374248
688.789177
697.244568
703.748715
716.106595
723.261157
731.066133
735.619036
736.269451
738.87111
738.220695
741.472769
743.424013
746.025671
747.976916
748.62733
753.180233
757.082722
758.383551
758.383551
761.417085
770.517688
779.61829
788.718893
796.302729
797.819496
802.369797
806.161715
812.228783
816.779084
822.846153
820.571002
821.329386
825.121303
829.671605
831.188372
834.98029
839.530591
832.705139
830.429988
831.946755
835.274542
836.938436
842.762063
848.585691
860.232945
870.216306
868.552413
876.039933
881.031614
886.023295
891.014975
900.166389
904.326123
910.14975
913.477537
913.477537
917.637271
924.292845
927.620632
935.108153
940.93178
949.251248
953.410982
961.730449
972.545757
979.201331
985.024958
1000
1007
1005
1010
1020
1025
1037
1044
1061
1077
1072
1075
1081
1095
1093
1097
1099
1111
1137
1146
1157
1162
1158
1164
